10001
10023
10024
10029
10033
10039
10055
10056
10078
10092
10103
10113
10149
30002
30006
30010
30013
30023
30024
30036
30064
30065
30087
30088
30089
30103
30115
30119
30122
40007
40016
40020
40055
40114
50007
50017
50022
50025
50026
50036
50038
50039
50043
50047
50056
50057
50058
50060
50063
50069
50077
50082
50084
50093
50099
50100
50101
50107
50108
50112
50115
50116
50121
50124
50125
50128
50129
50133
50145
50146
50153
50159
50168
50169
50174
50179
50180
50195
50222
50224
50226
50228
50231
50235
50238
50239
50242
50261
50262
50278
50280
50283
50289
50290
50295
50300
50305
50308
50309
50324
50327
50334
50336
50342
50348
50351
50353
50360
50367
50380
50382
50393
50396
50424
50438
50441
50444
50454
50455
50457
50464
50481
50485
50488
50492
50496
50516
50549
50551
50557
50567
50570
50573
50581
50590
50599
50624
50625
50660
50678
50696
60001
60012
60020
60022
60024
60031
60034
70002
70006
70007
70010
70016
70022
70024
70025
70028
70034
80001
80004
90001
90004
90005
90011
100001
100002
100006
100007
100008
100009
100012
100018
100019
100022
100025
100026
100029
100034
100038
100040
100044
100057
100062
100067
100072
100073
100075
100080
100087
100088
100110
100113
100127
100128
100131
100135
100151
100154
100157
100173
100204
100212
100220
100224
100226
100228
100246
100254
100258
100269
100271
100281
100287
100289
100296
110003
110007
110010
110016
110024
110028
110029
110034
110035
110036
110038
110043
110064
110069
110074
110076
110078
110082
110083
110087
110091
110107
110129
110161
110164
110191
110215
110229
110233
120001
120005
120006
120014
120022
140007
140010
140029
140030
140062
140063
140065
140067
140082
140084
140088
140091
140114
140118
140119
140150
140172
140179
140182
140185
140191
140200
140208
140209
140213
140223
140231
140239
140250
140252
140258
140276
140281
150002
150004
150008
150017
150021
150024
150034
150056
150058
150084
150125
150169
160033
160058
160082
160083
170040
170086
170122
170146
180010
180040
180067
180088
180130
180141
190002
190008
190017
190019
190026
190027
190036
190039
190041
190045
190046
190054
190060
190064
190065
190098
190102
190111
190125
190146
190176
200009
210002
210004
210005
210008
210009
210011
210012
210015
210016
210018
210019
210022
210023
210024
210029
210035
210037
210040
210043
210048
210051
210056
210057
210062
220031
220036
220063
220066
220071
220074
220077
220086
220110
220116
220163
220171
230017
230019
230020
230021
230029
230038
230046
230053
230066
230070
230077
230089
230104
230117
230130
230132
230141
230142
230151
230156
230165
230195
230197
230230
230269
230297
240010
250001
250004
250019
250031
250034
250040
250048
250078
250082
250084
250100
250102
250104
250141
260020
260027
260032
260091
260104
260105
260108
260138
260180
270004
270012
280013
280060
280081
290001
290003
290007
290021
290039
290041
290045
290046
290047
290054
300003
310001
310003
310008
310009
310010
310012
310014
310015
310016
310019
310022
310027
310029
310032
310034
310038
310039
310041
310044
310045
310048
310051
310054
310057
310061
310064
310070
310073
310074
310076
310086
310092
310108
310111
320001
320002
320005
320009
320018
320021
320085
330005
330013
330014
330023
330024
330028
330043
330044
330046
330055
330057
330059
330061
330101
330104
330106
330119
330125
330126
330154
330158
330167
330169
330182
330184
330185
330193
330194
330195
330196
330198
330208
330214
330219
330234
330236
330241
330259
330264
330285
330286
330304
330354
330393
330395
330401
340001
340002
340008
340010
340014
340027
340028
340030
340032
340040
340047
340050
340053
340061
340069
340070
340073
340090
340091
340098
340109
340113
340114
340115
340126
340130
340131
340132
340141
340147
340151
340155
360003
360006
360016
360017
360020
360027
360035
360051
360052
360064
360068
360079
360085
360137
360143
360163
360180
360230
360242
360359
370001
370013
370028
370037
370047
370056
370091
370093
370114
380004
380051
380061
390026
390027
390028
390044
390046
390049
390050
390067
390111
390115
390133
390142
390156
390164
390174
390179
390180
390195
390196
390201
390223
390226
390231
390256
390290
410007
410012
420002
420004
420007
420018
420023
420026
420027
420036
420049
420051
420065
420067
420068
420070
420071
420073
420078
420079
420082
420085
420086
420087
420091
420105
430077
440002
440015
440039
440048
440049
440073
440082
440091
440104
440161
440183
440228
450002
450010
450011
450015
450018
450021
450023
450033
450034
450037
450039
450040
450042
450044
450046
450051
450054
450056
450058
450064
450068
450076
450083
450102
450107
450119
450128
450132
450133
450135
450137
450147
450184
450193
450196
450213
450222
450229
450231
450237
450280
450346
450358
450388
450424
450431
450462
450563
450571
450610
450617
450639
450647
450651
450668
450675
450686
450711
450713
450723
450775
450788
450801
450809
450820
450844
450862
450869
450890
460009
490007
490009
490011
490017
490021
490022
490024
490032
490040
490043
490044
490046
490048
490050
490052
490057
490059
490063
490067
490069
490075
490077
490093
490101
490107
490112
490113
490118
490119
490120
490122
490136
500005
500008
500014
500024
500027
500036
500039
500050
500054
500058
500064
500088
500108
500124
500129
510022
520051
520096
520098
520138
520177
670047
670055
670077
